0.0
0.000000060260532
0.000000060260532
0.000000060260532
0.000000378952987
0.558406991876694
0.643075315083401
0.727761808172823
0.809024856984826
0.840334650795837
0.915024542622796
0.982387908382127
1.20710639545814
1.65774687763974
1.76992372230869
1.91341380022959
2.18237903043048
2.59179278052754
2.64575747723836
2.67612134299130
2.68419574698987
2.69943291080810
2.76630209629128
2.98883550107249
3.04287946921955
3.97549851357982
4.10451900159367
4.54885328211933
4.73492219216005
4.80394756590300
5.05675282753474
5.37490215304069
5.43121185447693
5.67962999292234
6.01124509416261
6.23278787747867
6.36528136783879
6.56738503400905
6.62640710036975
6.71682084933311
6.85283298021102
6.99516482894049
7.03239346619349
7.43227972070039
8.05447507896733
8.07472215876215
8.14621269801214
8.95850754889583
9.05133188611237
9.06159066705397
9.07288529909898
9.08623452986350
9.08666654739553
9.08852745967472
9.10481324197350
9.11035348064235
9.11749285215183
9.12788837978300
9.13208295571356
9.15184552511627
9.20567452146476
9.20602785950520
9.22895325202310
9.23482691474790
9.32881421475680
9.33758386405205
9.36643661631920
9.36765291843788
9.36919880433002
9.38827163104780
9.39652079258159
9.48448037239818
9.48522940858496
9.54954010701520
9.55177853195723
9.55666983496401
9.58318573145488
9.59794163538389
9.60786590726295
9.64071792296593
9.64194062039919
9.65381202259577
9.68371557240836
9.68502847266161
9.72272453965677
9.73434108369597
9.73495754169605
9.74003232798778
9.74125404950222
9.74913146310352
9.77193391709911
9.78017553149117
9.78193196658800
9.78936394364191
9.79835086411395
9.79896027881288
9.86693029175192
9.89047567918444
9.94300813957070
9.97059852508662
10
10
10
10
10
10
10
10
10
10
10
10
10
10
10
10
10
10
10
10
10
10
10
10
10
10
10
10
10
10
10
10
10
10
10
10
10
10
10
10
10
10
10
10
10
10
10
10
10
10
10
10
10
10
10
10
10
10
10
10
10
10
10
10
10
10
10
10
10
10
10
10
10
10
10
10
10
10
10
10
10
10
10
10
10
10
10
10
10
10
10
10
10
10
10
10
10
10
10
10
10
10
10
10
10
10
10
10
10
10
10
10
10
10
10
10
10
10
10
10
10
10
10
10
10
9.99400654321330
9.90178883075627
9.86522714409713
9.84735122524081
9.84219451178440
9.73349979399864
9.70452778068769
9.63228020575065
9.62907954580130
9.61840770258759
9.58931577077751
9.57814702987792
9.53465902155315
9.50389278773490
9.49723774355240
9.43042502957168
9.35946779642093
9.34240437071307
9.30739977801651
9.30490214593723
9.28412165686770
9.27132277772275
9.26237746853802
9.20998128381652
9.15478839341330
9.09289887980614
9.05009032952522
9.01127323514351
8.88792831003762
8.88007119152051
8.83809658724977
8.83018677322609
8.79776150476640
8.78152416440835
8.77449086296627
8.71014730375770
8.65166725752650
8.63485572731170
8.51522747342488
8.51077348097610
8.45733896421100
8.44834299796625
8.36147552050959
8.32702473705505
8.28437431858101
8.24037403597416
8.12837417478380
8.12003763955895
8.07312603609691
8.05026997142041
8.04107154931637
8
8
8
8
8
8
8
8
8
8
8
8
8
8
8
8
8
8
8
8
8
8
8
8
8
8
8
8
8
8
8
8
8
8
8
8
8
8
8
8
8
8
8
8
8
8
8
8
8
8
8
8
8
8
8
8
8
8
8
8
8
8
8
8
8
8
8
8
8
8
8
8
8
8
8
8
8
8
8
8
8
8
8
8
8
8
8
8
8
8
8
8
8
8
8
8
8
8
8
8
8
8
8
8
8
8
8
8
8
8
8
8
8
8
8
8
8
8
8
8
8
8
8
8
8
8
8
8
8
8
8
8
8
8
8
8
8
8
8
8
8
8
8
8
8
8
8
8
8
8
8
8
8
8
8
8
8
8
8
8
8
8
8
8
8
8
8
8
8
8
8
8
8
8